Fiyat,Üretim-yılı,Kilometre,Yakıt-Tipi,Boya-Değişen
4530000.0,2022,38000.0,1,0
1239750.0,2012,213000.0,1,0
775000.0,2007,329000.0,1,0
4589000.0,2023,6001.0,1,0
560000.0,2004,310000.0,1,0
4190000.0,2021,28000.0,1,0
3965000.0,2019,85000.0,0,0
1585000.0,2012,202000.0,1,0
715000.0,2007,295000.0,1,0
685000.0,2005,340000.0,1,0
3890000.0,2020,97000.0,1,0
975000.0,2011,279000.0,1,0
1950000.0,2012,335000.0,1,0
1699000.0,2015,242000.0,1,0
625000.0,2006,425000.0,1,0
1319000.0,2012,340000.0,1,0
2175000.0,2015,189000.0,1,0
3850000.0,2019,150000.0,1,0
550000.0,2000,326699.0,3,0
4299750.0,2022,34066.0,1,0
1380000.0,2011,135000.0,1,0
1890000.0,2016,243000.0,1,0
600000.0,2004,208500.0,3,0
1525000.0,2013,214000.0,1,0
1299000.0,2012,311000.0,1,0
925000.0,2011,341000.0,1,0
2590000.0,2018,156000.0,1,0
3650000.0,2020,145000.0,3,0
1085000.0,2011,187000.0,1,0
810000.0,2010,310000.0,1,0
2195000.0,2016,193000.0,1,0
2150000.0,2015,234000.0,1,0
4399000.0,2023,27605.0,1,0
585000.0,2008,347000.0,1,0
2249850.0,2016,254000.0,1,0
1958750.0,2015,258000.0,1,0
4750000.0,2022,30000.0,1,0
1377000.0,2011,240000.0,1,0
948500.0,2011,370000.0,1,0
1575000.0,2016,290000.0,1,0
1825000.0,2015,210000.0,1,0
1420000.0,2012,306000.0,1,0
5500000.0,2024,36000.0,1,0
1400000.0,2010,148000.0,1,0
4495000.0,2022,59500.0,1,0
1150000.0,2010,235000.0,0,0
950000.0,2009,540000.0,1,0
690000.0,2010,387000.0,1,0
1875000.0,2015,175000.0,1,0
1043000.0,2010,146754.0,1,0
4050000.0,2023,73000.0,1,0
1785000.0,2015,275000.0,1,0
680000.0,2008,298000.0,1,0
4950000.0,2022,37458.0,0,0
1476750.0,2012,248000.0,1,0
4395000.0,2023,23000.0,1,0
1350000.0,2012,246000.0,1,0
725000.0,2008,283000.0,1,0
4900000.0,2023,17000.0,1,0
4700000.0,2023,14000.0,3,0
620000.0,2001,250000.0,3,0
505000.0,2004,357000.0,3,0
1550000.0,2014,285000.0,1,0
2099900.0,2016,176000.0,1,0
730000.0,2008,312600.0,1,0
1230900.0,2012,312000.0,1,0
4100000.0,2021,45584.0,1,0
3850000.0,2021,75000.0,1,0
2190000.0,2017,164000.0,1,0
575000.0,2002,305000.0,1,0
2040000.0,2017,250000.0,1,0
1390000.0,2014,259000.0,1,0
2350000.0,2016,138500.0,1,0
1388750.0,2013,185000.0,1,0
658000.0,2009,263000.0,1,0
2500000.0,2016,156000.0,1,0
1150000.0,2012,327000.0,1,0
975000.0,2011,297000.0,1,0
2500000.0,2016,181000.0,1,0
760000.0,2008,165000.0,0,0
770000.0,2006,318000.0,1,0
3175000.0,2018,147000.0,0,0
2138750.0,2016,160000.0,1,0
3470000.0,2019,106000.0,1,0
4950000.0,2023,6001.0,2,0
2220000.0,2017,170000.0,1,0
2750000.0,2017,52000.0,1,0
1655000.0,2016,266000.0,1,0
670000.0,2011,290000.0,1,0
1925000.0,2016,189059.0,1,0
1457500.0,2012,286000.0,1,0
2150000.0,2016,239000.0,1,0
3525000.0,2020,107000.0,1,0
1120000.0,2012,285000.0,1,0
485000.0,2004,539000.0,1,0
3650000.0,2020,99000.0,1,0
1075000.0,2011,250000.0,1,0
650000.0,2008,347000.0,1,0
5150000.0,2023,15550.0,3,0
2465000.0,2017,95000.0,0,0
715000.0,2006,339000.0,1,0
1625000.0,2012,265000.0,1,0
659000.0,2007,385000.0,1,0
1700000.0,2014,255000.0,1,0
1880000.0,2015,230000.0,1,0
1825000.0,2015,225000.0,1,0
3300000.0,2020,110000.0,1,0
970000.0,2010,250000.0,1,0
2089000.0,2016,254000.0,1,0
2375000.0,2016,197000.0,1,0
715000.0,2008,425250.0,1,0
675000.0,2006,350471.0,1,0
1095000.0,2010,183000.0,1,0
2300000.0,2016,175000.0,1,0
950000.0,2007,275000.0,1,0
4900000.0,2022,36000.0,0,0
580000.0,2008,560000.0,1,0
1395000.0,2013,191000.0,1,0
5050000.0,2024,6072.0,0,0
4139750.0,2018,136000.0,1,0
4389000.0,2020,118000.0,1,0
1399000.0,2013,269000.0,1,0
400000.0,1995,370000.0,3,0
1075000.0,2011,197600.0,1,0
999999.0,2012,400000.0,1,0
800000.0,2011,299000.0,1,0
3500000.0,2019,82000.0,1,0
1190000.0,2013,360000.0,1,0
1600000.0,2016,383000.0,1,0
1600000.0,2012,207000.0,1,0
3975000.0,2022,60000.0,1,0
1499999.0,2014,280000.0,1,0
3250000.0,2019,188000.0,3,0
3480000.0,2020,126000.0,3,0
1600000.0,2014,260000.0,1,0
2195000.0,2018,190000.0,1,0
2299000.0,2017,170000.0,0,0
751000.0,2008,380000.0,1,0
4750000.0,2021,167000.0,3,0
765000.0,2008,362000.0,1,0
650000.0,2008,385000.0,1,0
1038000.0,2011,265000.0,1,0
5350000.0,2023,6001.0,1,0
2000000.0,2016,193000.0,1,0
2775750.0,2019,295000.0,1,0
1395000.0,2012,359000.0,1,0
2069900.0,2016,219000.0,1,0
1315000.0,2011,168000.0,1,0
1295000.0,2012,310000.0,1,0
600000.0,2005,390000.0,0,0
795000.0,2011,342500.0,1,0
3910000.0,2022,91000.0,1,0
2775000.0,2015,23000.0,1,0
1975000.0,2017,238000.0,0,0
559500.0,2006,420000.0,1,0
795000.0,2007,276000.0,0,0
2180000.0,2017,165500.0,1,0
2738000.0,2019,191000.0,0,0
5250000.0,2024,9000.0,1,0
899000.0,2011,266000.0,1,0
1560000.0,2016,199000.0,1,0
1265000.0,2015,246000.0,1,0
570000.0,2008,333000.0,1,0
525000.0,2003,368000.0,3,0
820000.0,2008,409000.0,1,0
3550000.0,2020,85000.0,3,0
4540000.0,2023,25300.0,1,0
4400000.0,2023,62000.0,1,0
1950000.0,2017,209000.0,1,0
1370000.0,2012,295000.0,1,0
1425000.0,2014,215000.0,1,0
1499750.0,2012,267000.0,1,0
1850000.0,2015,187000.0,1,0
690000.0,2006,327000.0,1,0
2499999.0,2016,152000.0,1,0
1010000.0,2012,343000.0,1,0
500000.0,2000,432000.0,3,0
800000.0,2010,463000.0,1,0
2755000.0,2017,170000.0,1,0
990000.0,2012,517000.0,1,0
3820000.0,2020,50000.0,1,0
830000.0,2010,320000.0,1,0
1250000.0,2012,230000.0,1,0
1448000.0,2012,163000.0,1,0
3575000.0,2019,85000.0,0,0
3550000.0,2020,120000.0,1,0
1250000.0,2010,230000.0,0,0
1815000.0,2015,189000.0,1,0
3900000.0,2021,237000.0,1,0
765000.0,2008,358000.0,1,0
660000.0,2007,438000.0,1,0
1650000.0,2015,215000.0,1,0
1448000.0,2012,163000.0,1,0
3575000.0,2019,85000.0,0,0
3550000.0,2020,120000.0,1,0
1250000.0,2010,230000.0,0,0
1815000.0,2015,189000.0,1,0
3900000.0,2021,237000.0,1,0
765000.0,2008,358000.0,1,0
660000.0,2007,438000.0,1,0
1650000.0,2015,215000.0,1,0
3995000.0,2018,140000.0,1,0
3635000.0,2019,150000.0,0,0
2750000.0,2018,142000.0,1,0
2365000.0,2018,144000.0,1,0
874500.0,2011,245000.0,1,0
1850000.0,2016,275000.0,1,0
600000.0,2008,349000.0,1,0
595000.0,2001,350000.0,3,0
3595000.0,2020,121000.0,1,0
5200000.0,2023,6250.0,1,0
1500000.0,2015,235000.0,1,0
729900.0,2007,342000.0,3,0
1625000.0,2015,234000.0,1,0
537000.0,2000,376900.0,1,0
4765000.0,2022,23025.0,1,0
4550000.0,2019,53882.0,1,0
550000.0,2005,376590.0,1,0
1320000.0,2013,320000.0,1,0
420000.0,2004,571000.0,1,0
3175000.0,2019,145000.0,3,0
600000.0,2005,390000.0,3,0
3750000.0,2020,103000.0,1,0
2375000.0,2017,211900.0,1,0
2035000.0,2017,219000.0,0,0
1750000.0,2015,187000.0,1,0
4600000.0,2023,13000.0,1,0
995000.0,2010,279000.0,1,0
460000.0,2002,310000.0,3,0
455000.0,2003,390000.0,0,0
2270000.0,2017,250000.0,1,0
710000.0,2011,312000.0,1,0
2095900.0,2017,192500.0,0,0
380000.0,1996,230000.0,3,0
2530000.0,2017,125000.0,0,0
3650000.0,2020,105685.0,1,0
1430000.0,2012,103000.0,1,0
579000.0,2005,357000.0,1,0
615000.0,2009,427800.0,1,0
565000.0,2004,196000.0,1,0
700000.0,2008,500000.0,1,0
3600000.0,2020,105000.0,1,0
1080000.0,2012,470000.0,1,0
4075000.0,2021,67000.0,1,0
875000.0,2011,404000.0,1,0
1435000.0,2014,268000.0,1,0
1075000.0,1995,295000.0,1,0
695000.0,2007,280000.0,1,0
925000.0,2011,308000.0,1,0
850000.0,2008,350000.0,1,0
950000.0,2011,415000.0,1,0
1079000.0,2011,177000.0,1,0
